668	236
523	1217
316	1478
595	1591
302	986
564	1100
828	75
81	1690
165	1585
867	329
561	1024
759	675
748	639
616	186
803	1742
694	1513
383	1568
448	757
720	937
839	384
315	956
110	1326
770	1698
528	80
135	1390
391	1683
10	214
103	115
453	1194
870	241
869	555
444	510
533	1516
785	1048
521	438
523	1218
627	335
782	999
598	1446
744	289
844	273
84	992
113	146
776	1063
498	1413
805	439
778	411
5	1621
796	1665
18	368
80	121
157	209
631	1356
691	11
247	1503
149	504
667	1594
805	440
849	1385
290	287
182	856
449	1124
167	248
373	461
486	812
725	779
434	596
589	795
862	589
563	483
721	48
200	1576
276	1252
788	1538
845	106
397	1267
547	700
567	1059
7	571
572	22
881	1587
738	896
378	1070
820	708
345	595
696	689
824	1372
73	199
535	262
500	883
320	160
309	809
430	1009
534	149
592	619
278	911
305	1618
746	922
639	1428
429	880
410	1307
333	633
405	1245
665	1142
625	167
516	176
491	1582
342	447
280	1240
316	1479
213	1718
553	1381
536	836
426	723
348	5
850	457
883	988
358	1131
469	218
633	901
834	1264
524	1422
788	1537
755	1625
369	381
141	1272
161	242
571	34
635	394
132	860
671	238
232	1092
704	1097
440	553
301	270
372	453
293	825
36	484
322	193
779	662
375	938
654	1207
558	1485
820	706
705	1050
636	412
706	1415
291	517
713	278
886	994
144	1065
798	3
260	821
474	1350
611	1067
142	1398
661	85
237	42
793	1441
558	1488
300	1275
287	1560
842	1669
140	128
461	573
576	1030
178	568
606	468
706	1419
612	859
93	1699
681	759
313	35
297	649
423	310
862	588
127	732
303	669
445	1298
828	71
78	132
359	943
679	814
542	1015
50	686
682	189
518	735
760	1200
681	760
790	1550
94	1335
263	1515
248	550
741	644
726	290
580	516
443	982
224	1243
820	705
411	960
229	1281
339	1558
742	1566
409	635
324	499
542	1016
579	1465
714	1664
367	647
267	1424
336	584
48	1605
708	436
294	1702
380	1340
790	1551
779	660
464	560
837	1738
197	163
619	94
871	1632
752	1645
197	162
92	50
752	1646
883	989
814	1255
260	823
63	376
600	313
199	1722
802	1491
161	243
732	442
447	976
859	1616
719	842
586	1689
624	1660
131	1114
828	76
674	1400
687	536
778	408
341	711
72	459
6	597
558	1486
426	721
95	1365
68	787
847	1079
124	829
420	775
848	325
774	234
123	1496
504	622
223	114
706	1417
185	908
314	1426
808	8
772	231
611	1066
666	876
459	539
168	421
809	1680
638	873
852	513
788	1536
864	1270
573	600
464	559
885	612
507	916
282	16
727	283
823	1167
492	655
254	1287
791	1649
358	1130
513	769
386	1231
431	1453
654	1208
110	1327
835	1728
131	1113
869	556
655	665
409	636
84	991
602	261
736	530
637	1072
317	628
548	300
179	582
859	1615
838	1599
559	1501
473	25
724	1507
559	1500
335	372
633	902
205	551
834	1266
383	1569
841	1679
495	28
694	1512
408	1094
571	33
520	402
443	983
296	1448
578	88
319	399
82	952
495	27
855	1338
631	1355
235	180
862	586
847	1078
385	903
696	690
46	904
90	112
767	1021
647	1135
820	709
783	933
771	624
426	724
701	1382
453	1192
175	1376
419	472
879	63
694	1510
743	378
504	623
461	572
463	928
750	448
86	130
203	563
191	126
126	574
217	171
629	373
652	679
705	1053
590	1484
288	1525
841	1678
712	213
484	210
405	1247
661	84
303	668
652	677
416	299
833	1033
576	1028
475	476
758	1046
813	577
856	10
748	637
656	356
556	890
740	404
275	598
793	1439
749	145
634	1110
212	1715
158	387
250	52
760	1199
613	503
770	1697
378	1071
554	1351
67	463
238	1301
880	78
523	1221
586	1688
164	353
648	18
501	151
245	1466
437	320
677	1639
111	1636
249	696
885	615
525	748
750	449
660	738
583	656
831	224
233	1504
578	86
63	375
75	1282
851	90
382	305
140	127
515	548
513	768
647	1134
304	1704
276	1250
815	1471
798	4
541	1556
309	808
816	1223
32	1523
668	235
329	1444
252	418
581	1606
167	249
522	968
499	1288
792	1176
402	570
765	1325
716	948
868	1144
293	824
298	538
852	515
807	1225
343	753
546	1676
203	562
508	725
209	1361
584	252
418	1643
134	1570
294	1703
361	1404
62	365
238	1300
748	640
745	1630
91	1686
448	758
465	317
155	348
671	237
267	1423
861	1450
35	552
630	383
723	852
737	1443
765	1324
509	393
673	734
320	158
265	1748
711	1257
311	1147
239	913
16	1705
601	489
739	1329
148	1637
689	650
306	826
219	1103
163	870
789	1696
718	1106
307	1641
751	603
646	1691
24	1706
831	227
871	1635
492	654
595	1592
657	1458
119	69
565	844
8	866
181	1236
745	1629
450	267
221	1178
455	109
489	1312
136	745
211	672
100	798
407	891
424	1693
350	263
875	953
327	343
670	742
675	1166
439	1713
38	815
416	298
525	749
861	1451
94	1336
763	1006
520	400
669	694
588	1628
554	1354
562	806
276	1249
839	386
271	1720
354	651
767	1023
807	1226
807	1229
349	941
840	506
234	1359
397	1268
590	1483
249	697
794	295
348	6
279	1202
638	872
550	178
723	853
837	1739
300	1274
691	13
355	1310
476	1505
650	155
569	148
351	104
211	671
887	1541
458	540
676	497
787	1159
813	576
284	281
489	1313
882	105
513	770
711	1258
539	1036
93	1700
500	884
574	868
225	1076
868	1145
565	845
705	1051
33	519
546	1675
692	525
330	153
375	939
74	653
849	1388
241	783
640	593
500	881
567	1060
31	253
579	1463
734	763
753	53
265	1746
722	1521
479	357
796	1666
467	60
387	730
541	1557
380	1341
133	1095
142	1397
286	1724
500	882
568	682
727	284
365	931
751	604
775	816
746	924
23	963
88	1414
804	717
602	260
341	710
620	1185
644	578
153	221
726	292
399	910
471	1198
285	1234
270	1607
658	1206
874	45
697	61
528	81
356	1709
296	1449
364	464
817	1620
201	491
373	460
438	1083
299	1104
64	1470
184	1373
122	1041
853	1175
306	827
606	470
657	1459
130	1119
821	1589
136	746
412	728
73	200
797	1379
486	810
644	579
805	441
235	181
243	1032
194	773
48	1604
220	77
680	1168
413	865
265	1749
682	188
624	1661
623	1005
852	514
833	1034
523	1220
480	766
277	782
693	750
611	1068
260	822
572	23
295	1321
318	1155
568	681
69	1457
773	57
764	803
384	371
747	390
116	1136
810	1295
639	1427
358	1129
44	848
389	1659
880	79
311	1146
325	792
851	91
450	268
163	871
527	133
438	1082
497	1087
642	684
258	1209
800	1573
206	1117
641	833
584	250
133	1096
174	1253
336	585
211	670
835	1730
722	1522
873	1012
710	117
446	256
626	275
395	1391
649	1263
827	1188
538	1181
718	1107
643	1346
51	1017
405	1246
860	1333
515	547
622	964
495	29
346	643
357	1559
247	1502
746	923
698	138
762	312
807	1228
226	120
156	1115
53	318
519	1074
431	1454
782	998
853	1174
124	828
321	1482
276	1251
361	1403
532	264
503	328
432	99
795	892
575	601
65	1089
522	969
257	1530
121	349
767	1022
171	1447
360	177
555	1692
660	736
353	819
401	1673
714	1663
730	0
550	179
582	899
748	638
833	1035
22	277
845	108
589	797
692	524
758	1045
331	102
745	1654
429	879
371	67
272	139
150	202
756	1603
374	1671
58	642
795	893
114	339
169	1467
803	1743
673	733
645	493
730	1
242	1102
481	565
641	831
834	1265
829	1477
606	467
421	1171
751	605
242	1101
780	113
139	432
458	541
806	1261
139	433
601	490
273	542
663	206
362	1116
644	581
661	82
692	527
521	437
215	1368
529	1710
423	309
699	1544
846	1732
488	147
465	315
390	958
478	37
401	1672
816	1224
776	1061
486	811
593	1309
259	1744
844	272
798	2
401	1674
632	1357
98	1378
781	1278
326	533
706	1418
491	1581
698	137
827	1189
140	129
388	1213
846	1733
787	1160
831	228
848	326
742	1567
565	846
592	620
425	338
214	1555
388	1214
694	1511
282	15
536	835
640	592
417	1018
784	1561
184	1374
298	537
699	1545
433	741
783	932
772	230
548	301
328	142
229	1280
607	906
645	494
763	1007
257	1529
826	995
261	1432
236	367
361	1402
688	1509
161	244
829	1474
321	1481
354	652
404	1084
270	1608
222	1577
499	1289
634	1109
699	1546
526	1612
400	1318
572	24
839	385
757	478
814	1254
506	1090
513	767
269	1434
513	771
680	1169
253	303
177	296
122	1043
370	1153
549	1215
130	1118
648	19
12	1711
702	170
824	1370
848	324
363	1163
225	1075
696	692
512	1080
329	1445
483	915
637	1579
60	198
603	564
430	1010
739	1330
846	1736
828	72
786	1626
56	509
822	1395
749	144
218	1468
240	1609
25	215
259	1745
279	1201
653	1149
539	1038
774	232
699	1542
323	431
852	512
431	1456
76	1164
699	1547
536	834
763	1008
660	737
101	30
628	47
812	838
467	59
587	1495
731	1195
828	74
862	591
545	1631
216	423
544	1408
575	602
604	918
650	157
662	608
872	1151
320	161
34	165
363	1162
723	851
712	212
421	1172
52	456
396	1597
478	38
277	780
884	311
446	254
224	1244
835	1726
417	1020
793	1438
551	919
369	382
748	308
265	1747
830	625
726	291
445	1297
543	984
469	219
883	990
838	1598
819	417
799	1518
112	545
137	398
830	626
862	590
735	658
261	1431
13	1737
742	1565
835	1727
62	366
415	216
485	975
645	492
392	641
170	333
254	1286
21	755
799	1520
358	1128
542	1013
87	713
281	617
745	1655
769	1303
719	843
874	44
326	534
594	97
735	659
471	1197
411	959
271	1721
544	1409
705	1052
487	135
436	346
717	1366
29	695
740	403
178	567
859	1614
652	678
858	791
426	722
419	474
644	580
347	502
449	1123
20	1389
447	977
617	40
855	1337
570	1121
667	1595
218	1469
442	195
246	1283
540	946
566	688
370	1152
37	487
609	498
255	799
706	1420
370	1154
424	1694
822	1394
554	1352
320	159
622	965
661	83
120	1442
864	1271
777	1305
410	1306
515	546
634	740
749	143
89	125
167	247
785	1047
465	316
285	1232
618	444
208	1299
700	1392
601	488
398	1540
820	707
733	1716
161	340
621	887
164	354
666	877
734	764
449	1125
308	997
82	951
849	1387
871	1634
334	1085
391	1685
344	863
70	523
116	1137
338	1348
141	1273
213	1719
716	947
836	1653
490	1553
2	594
606	466
747	388
857	350
19	391
684	1039
547	699
536	837
847	1077
228	1363
810	1292
854	124
672	629
691	12
183	978
280	1241
4	1238
96	667
768	425
586	1687
787	1161
641	830
286	1723
831	226
312	895
801	360
831	223
505	321
620	1184
349	942
277	781
474	1349
811	521
496	1572
506	1091
387	731
149	505
80	122
729	1139
600	314
412	727
517	1315
712	211
801	358
238	1302
202	761
0	1554
196	801
589	796
699	1548
309	807
331	103
615	14
643	1347
881	1586
560	172
216	422
369	380
872	1150
827	1187
376	1741
559	1499
818	1004
605	183
204	569
162	364
617	39
787	1158
98	1377
253	302
355	1311
843	1269
538	1182
865	352
288	1524
291	518
574	869
607	905
860	1334
295	1323
761	1384
690	407
825	973
824	1371
789	1695
117	1256
278	912
804	719
411	961
514	756
251	703
527	134
568	680
417	1019
486	813
138	702
808	7
184	1375
449	1122
409	634
162	363
330	154
258	1210
740	405
695	1191
552	257
579	1464
241	784
683	1127
784	1562
193	280
145	341
584	251
126	575
876	485
439	1712
227	632
520	401
152	1331
281	616
810	1294
741	645
165	1584
686	369
382	304
28	1239
863	839
610	1406
85	1098
685	1677
173	507
715	480
188	532
388	1212
815	1473
443	981
290	286
176	96
653	1148
539	1037
45	217
381	245
801	359
390	957
627	334
850	458
104	1156
717	1367
778	410
475	475
742	1564
261	1429
172	1140
709	68
721	49
380	1342
30	854
642	683
591	1259
27	274
493	98
9	754
557	940
73	201
453	1193
688	1508
251	704
736	529
99	840
322	192
261	1430
431	1455
384	370
810	1291
678	1025
802	1489
845	107
788	1539
622	967
532	265
498	1412
428	32
54	1180
40	465
829	1475
66	1049
194	772
134	1571
379	618
637	1580
498	1411
342	446
618	445
856	9
747	389
846	1735
614	1528
570	1120
463	929
825	974
701	1383
563	482
151	56
544	1407
778	409
231	554
621	886
736	531
832	1393
755	1624
476	1506
57	345
414	1535
666	875
725	778
295	1322
871	1633
567	1058
183	979
647	1133
741	646
794	294
394	1533
663	205
83	1668
526	1613
365	930
505	322
714	1662
207	1647
886	993
388	1211
566	687
230	1527
454	606
531	949
118	191
826	996
853	1173
170	332
159	184
676	496
710	118
879	62
411	962
574	867
180	420
366	744
429	878
659	1064
196	800
239	914
849	1386
592	621
866	65
57	344
549	1216
612	858
129	454
796	1667
869	557
855	1339
344	862
634	739
1	430
759	676
526	1611
297	648
340	1319
879	64
209	1362
292	716
641	832
558	1487
11	406
230	1526
61	950
715	479
585	674
490	1552
696	691
150	203
466	888
228	1364
451	817
232	1093
821	1588
305	1619
782	1000
283	1237
138	701
766	1026
806	1262
563	481
273	543
885	614
768	426
250	51
470	396
166	1460
599	841
290	285
848	327
862	587
316	1480
552	259
77	786
877	561
811	520
386	1230
837	1740
336	583
289	712
155	347
538	1183
393	1186
47	1640
667	1593
658	1204
564	1099
418	1644
784	1563
344	861
71	95
399	909
374	1670
154	864
769	1304
400	1317
606	471
162	362
477	1493
452	166
427	1056
153	220
356	1708
301	269
352	204
745	1656
732	443
372	450
804	720
576	1031
442	196
647	1132
246	1284
294	1701
828	73
194	774
456	141
324	500
790	1549
498	1410
792	1177
757	477
482	1610
577	544
39	1279
619	92
269	1433
825	972
635	395
185	907
619	93
746	925
636	413
867	330
325	793
560	173
108	240
669	693
578	89
65	1088
322	194
381	246
662	609
49	271
793	1440
523	1219
180	419
676	495
427	1055
695	1190
596	150
109	934
782	1001
736	528
68	788
706	1416
779	663
748	307
791	1650
302	985
464	558
551	921
455	110
743	379
815	1472
234	1360
795	894
137	397
244	1714
292	715
148	1638
215	1369
648	17
547	698
472	361
371	66
621	885
441	1601
682	190
835	1731
331	101
507	917
300	1276
883	987
675	1165
831	225
353	820
454	607
90	111
285	1233
79	610
437	319
707	152
403	1069
554	1353
497	1086
372	452
102	1421
421	1170
578	87
14	415
655	664
499	1290
442	197
687	535
391	1682
726	293
198	288
542	1014
173	508
372	451
147	434
159	185
463	926
196	802
510	944
854	123
658	1205
189	1345
616	187
692	526
582	900
664	337
725	777
810	1293
816	1222
332	1235
818	1003
480	765
754	849
530	336
235	182
143	1725
713	279
262	1531
337	1296
807	1227
848	323
858	790
280	1242
116	1138
419	473
122	1042
420	776
313	36
142	1399
768	424
422	1492
562	805
340	1320
650	156
703	1494
166	1461
3	955
804	718
799	1519
109	935
97	208
266	945
684	1040
852	511
608	1642
380	1343
77	785
579	1462
487	136
665	1141
125	818
628	46
186	789
739	1328
878	428
441	1602
42	1112
115	229
248	549
758	1044
70	522
377	1316
525	747
262	1532
347	501
105	1452
551	920
195	168
753	54
79	611
187	1260
387	729
583	657
699	1543
774	233
791	1651
755	1623
267	1425
637	1578
151	55
674	1401
427	1057
585	673
441	1600
107	1344
177	297
718	1108
87	714
264	392
128	751
268	1396
435	427
573	599
636	414
651	266
533	1517
396	1596
519	1073
192	1027
606	469
720	936
612	857
672	631
221	1179
743	377
512	1081
745	1657
256	462
734	762
182	855
55	1707
511	1054
773	58
44	847
389	1658
748	306
165	1583
552	258
597	898
622	966
489	1314
787	1157
576	1029
463	927
460	174
755	1622
835	1729
731	1196
456	140
825	971
502	70
128	752
626	276
728	1497
537	1105
821	1590
572	21
160	1575
829	1476
522	970
394	1534
146	1111
310	1405
432	100
733	1717
836	1652
638	874
17	1203
819	416
428	31
593	1308
648	20
26	726
391	1681
629	374
317	627
857	351
41	1285
15	43
672	630
683	1126
860	1332
96	666
494	169
779	661
190	1143
878	429
274	1277
237	41
764	804
656	355
276	1248
776	1062
846	1734
153	222
406	1437
327	342
873	1011
86	131
516	175
50	685
457	794
782	1002
59	1617
553	1380
462	1358
588	1627
197	164
97	207
800	1574
738	897
495	26
708	435
885	613
671	239
670	743
43	119
391	1684
754	850
481	566
263	1514
468	282
867	331
103	116
207	1648
466	889
446	255
802	1490
106	1435
210	486
129	455
368	1498
183	980
875	954
106	1436
